旋转前  axeX:1, 0, 0,axyY:0, 1, 0,axyZ:0, 0, 1,pos:0, 0, 0
旋转后  axeX:0.998927, 0.03821, -0.0261769,axyY:-0.0382231, 0.999269, 0,axyZ:0.0261578, 0.00100056, 0.999657,pos:0.0784735, 0.00300169, 2.99897
旋转前  axeX:0.998927, 0.03821, -0.0261769,axyY:-0.0382231, 0.999269, 0,axyZ:0.0261578, 0.00100056, 0.999657,pos:0.0784735, 0.00300169, 2.99897
旋转后  axeX:0.995645, 0.0771651, -0.052316,axyY:-0.0772175, 0.997014, 0.00102262,axyZ:0.0522387, 0.00302155, 0.99863,pos:0.235189, 0.0120663, 5.99486
旋转前  axeX:0.995645, 0.0771651, -0.052316,axyY:-0.0772175, 0.997014, 0.00102262,axyZ:0.0522387, 0.00302155, 0.99863,pos:0.235189, 0.0120663, 5.99486
旋转后  axeX:0.990124, 0.116256, -0.0783583,axyY:-0.116374, 0.993201, 0.00308243,axyZ:0.0781839, 0.00606686, 0.996921,pos:0.469741, 0.0302669, 8.98562
旋转前  axeX:0.990124, 0.116256, -0.0783583,axyY:-0.116374, 0.993201, 0.00308243,axyZ:0.0781839, 0.00606686, 0.996921,pos:0.469741, 0.0302669, 8.98562
旋转后  axeX:0.982337, 0.155395, -0.104244,axyY:-0.155602, 0.9878, 0.00619181,axyZ:0.103934, 0.0101381, 0.994533,pos:0.781543, 0.0606812, 11.9692
旋转前  axeX:0.982337, 0.155395, -0.104244,axyY:-0.155602, 0.9878, 0.00619181,axyZ:0.103934, 0.0101381, 0.994533,pos:0.781543, 0.0606812, 11.9692
旋转后  axeX:0.972277, 0.194422, -0.129911,axyY:-0.194743, 0.9808, 0.0103535,axyZ:0.12943, 0.0152327, 0.991472,pos:1.16983, 0.106379, 14.9436
旋转前  axeX:0.972277, 0.194422, -0.129911,axyY:-0.194743, 0.9808, 0.0103535,axyZ:0.12943, 0.0152327, 0.991472,pos:1.16983, 0.106379, 14.9436
旋转后  axeX:0.959931, 0.233271, -0.155298,axyY:-0.233727, 0.972178, 0.0155752,axyZ:0.154611, 0.0213463, 0.987745,pos:1.63366, 0.170418, 17.9069
旋转前  axeX:0.959931, 0.233271, -0.155298,axyY:-0.233727, 0.972178, 0.0155752,axyZ:0.154611, 0.0213463, 0.987745,pos:1.63366, 0.170418, 17.9069
旋转后  axeX:0.945298, 0.271825, -0.180343,axyY:-0.272437, 0.961925, 0.021856,axyZ:0.179417, 0.0284716, 0.983361,pos:2.17192, 0.255833, 20.857
旋转前  axeX:0.945298, 0.271825, -0.180343,axyY:-0.272437, 0.961925, 0.021856,axyZ:0.179417, 0.0284716, 0.983361,pos:2.17192, 0.255833, 20.857
旋转后  axeX:0.928386, 0.309972, -0.204981,axyY:-0.310757, 0.950041, 0.0291917,axyZ:0.203789, 0.0365983, 0.97833,pos:2.78328, 0.365628, 23.7919
旋转前  axeX:0.928386, 0.309972, -0.204981,axyY:-0.310757, 0.950041, 0.0291917,axyZ:0.203789, 0.0365983, 0.97833,pos:2.78328, 0.365628, 23.7919
旋转后  axeX:0.909181, 0.34768, -0.229148,axyY:-0.348652, 0.936498, 0.0375919,axyZ:0.227667, 0.0457152, 0.972665,pos:3.46628, 0.502774, 26.7099
旋转前  axeX:0.909181, 0.34768, -0.229148,axyY:-0.348652, 0.936498, 0.0375919,axyZ:0.227667, 0.0457152, 0.972665,pos:3.46628, 0.502774, 26.7099
旋转后  axeX:0.887712, 0.384798, -0.25278,axyY:-0.385968, 0.921312, 0.04704,axyZ:0.250991, 0.0558072, 0.96638,pos:4.21926, 0.670195, 29.6091
旋转前  axeX:0.887712, 0.384798, -0.25278,axyY:-0.385968, 0.921312, 0.04704,axyZ:0.250991, 0.0558072, 0.96638,pos:4.21926, 0.670195, 29.6091
旋转后  axeX:0.864052, 0.421114, -0.27582,axyY:-0.422493, 0.90454, 0.0574951,axyZ:0.273703, 0.0668535, 0.959488,pos:5.04036, 0.870756, 32.4875
旋转前  axeX:0.864052, 0.421114, -0.27582,axyY:-0.422493, 0.90454, 0.0574951,axyZ:0.273703, 0.0668535, 0.959488,pos:5.04036, 0.870756, 32.4875
旋转后  axeX:0.838205, 0.456605, -0.298202,axyY:-0.4582, 0.88617, 0.0689608,axyZ:0.295746, 0.0788331, 0.952008,pos:5.9276, 1.10726, 35.3436
旋转前  axeX:0.838205, 0.456605, -0.298202,axyY:-0.4582, 0.88617, 0.0689608,axyZ:0.295746, 0.0788331, 0.952008,pos:5.9276, 1.10726, 35.3436
旋转后  axeX:0.810229, 0.491136, -0.319867,axyY:-0.49295, 0.866241, 0.0814062,axyZ:0.317064, 0.091721, 0.943959,pos:6.87879, 1.38242, 38.1754
旋转前  axeX:0.810229, 0.491136, -0.319867,axyY:-0.49295, 0.866241, 0.0814062,axyZ:0.317064, 0.091721, 0.943959,pos:6.87879, 1.38242, 38.1754
旋转后  axeX:0.780169, 0.524617, -0.340755,axyY:-0.526651, 0.844778, 0.0948114,axyZ:0.337602, 0.10549, 0.935359,pos:7.8916, 1.69889, 40.9815
旋转前  axeX:0.780169, 0.524617, -0.340755,axyY:-0.526651, 0.844778, 0.0948114,axyZ:0.337602, 0.10549, 0.935359,pos:7.8916, 1.69889, 40.9815
旋转后  axeX:0.748056, 0.556988, -0.360801,axyY:-0.559236, 0.821789, 0.109165,axyZ:0.357306, 0.120111, 0.926232,pos:8.96351, 2.05922, 43.7602
旋转前  axeX:0.748056, 0.556988, -0.360801,axyY:-0.559236, 0.821789, 0.109165,axyZ:0.357306, 0.120111, 0.926232,pos:8.96351, 2.05922, 43.7602
旋转后  axeX:0.714014, 0.588061, -0.37996,axyY:-0.59052, 0.797377, 0.124399,axyZ:0.376126, 0.135551, 0.9166,pos:10.0919, 2.46588, 46.51
旋转前  axeX:0.714014, 0.588061, -0.37996,axyY:-0.59052, 0.797377, 0.124399,axyZ:0.376126, 0.135551, 0.9166,pos:10.0919, 2.46588, 46.51
旋转后  axeX:0.678099, 0.617769, -0.398175,axyY:-0.620432, 0.771574, 0.140489,axyZ:0.394011, 0.151775, 0.906488,pos:11.2739, 2.9212, 49.2295
旋转前  axeX:0.678099, 0.617769, -0.398175,axyY:-0.620432, 0.771574, 0.140489,axyZ:0.394011, 0.151775, 0.906488,pos:11.2739, 2.9212, 49.2295
旋转后  axeX:0.640386, 0.646031, -0.415392,axyY:-0.648887, 0.744426, 0.157403,axyZ:0.410915, 0.168744, 0.895921,pos:12.5067, 3.42743, 51.9172
旋转前  axeX:0.640386, 0.646031, -0.415392,axyY:-0.648887, 0.744426, 0.157403,axyZ:0.410915, 0.168744, 0.895921,pos:12.5067, 3.42743, 51.9172
旋转后  axeX:0.600969, 0.672748, -0.431563,axyY:-0.675784, 0.716002, 0.175092,axyZ:0.426793, 0.186418, 0.884927,pos:13.787, 3.98669, 54.572
旋转前  axeX:0.600969, 0.672748, -0.431563,axyY:-0.675784, 0.716002, 0.175092,axyZ:0.426793, 0.186418, 0.884927,pos:13.787, 3.98669, 54.572
旋转后  axeX:0.55995, 0.697829, -0.446644,axyY:-0.70103, 0.686374, 0.19351,axyZ:0.441602, 0.204755, 0.873535,pos:15.1119, 4.60095, 57.1926
旋转前  axeX:0.55995, 0.697829, -0.446644,axyY:-0.70103, 0.686374, 0.19351,axyZ:0.441602, 0.204755, 0.873535,pos:15.1119, 4.60095, 57.1926
旋转后  axeX:0.517424, 0.721199, -0.460591,axyY:-0.724549, 0.65561, 0.212611,axyZ:0.455303, 0.223711, 0.861773,pos:16.4778, 5.27208, 59.778
旋转前  axeX:0.517424, 0.721199, -0.460591,axyY:-0.724549, 0.65561, 0.212611,axyZ:0.455303, 0.223711, 0.861773,pos:16.4778, 5.27208, 59.778
旋转后  axeX:0.473506, 0.742777, -0.473365,axyY:-0.746258, 0.623792, 0.23234,axyZ:0.467858, 0.243238, 0.849673,pos:17.8813, 6.0018, 62.327
旋转前  axeX:0.473506, 0.742777, -0.473365,axyY:-0.746258, 0.623792, 0.23234,axyZ:0.467858, 0.243238, 0.849673,pos:17.8813, 6.0018, 62.327
旋转后  axeX:0.428305, 0.762496, -0.484928,axyY:-0.766087, 0.590999, 0.252646,axyZ:0.479234, 0.263288, 0.837266,pos:19.319, 6.79166, 64.8388
旋转前  axeX:0.428305, 0.762496, -0.484928,axyY:-0.766087, 0.590999, 0.252646,axyZ:0.479234, 0.263288, 0.837266,pos:19.319, 6.79166, 64.8388
旋转后  axeX:0.381962, 0.780273, -0.495258,axyY:-0.783959, 0.557339, 0.273461,axyZ:0.4894, 0.28381, 0.824584,pos:20.7872, 7.64309, 67.3125
旋转前  axeX:0.381962, 0.780273, -0.495258,axyY:-0.783959, 0.557339, 0.273461,axyZ:0.4894, 0.28381, 0.824584,pos:20.7872, 7.64309, 67.3125
旋转后  axeX:0.334591, 0.796058, -0.504322,axyY:-0.799822, 0.522893, 0.294732,axyZ:0.49833, 0.304753, 0.811661,pos:22.2822, 8.55735, 69.7475
旋转前  axeX:0.334591, 0.796058, -0.504322,axyY:-0.799822, 0.522893, 0.294732,axyZ:0.49833, 0.304753, 0.811661,pos:22.2822, 8.55735, 69.7475
旋转后  axeX:0.286325, 0.809799, -0.512098,axyY:-0.813624, 0.487759, 0.316397,axyZ:0.505998, 0.326063, 0.798529,pos:23.8002, 9.53554, 72.1431
旋转前  axeX:0.286325, 0.809799, -0.512098,axyY:-0.813624, 0.487759, 0.316397,axyZ:0.505998, 0.326063, 0.798529,pos:23.8002, 9.53554, 72.1431
旋转后  axeX:0.237295, 0.821449, -0.518568,axyY:-0.825319, 0.452037, 0.338394,axyZ:0.512385, 0.347685, 0.785224,pos:25.3374, 10.5786, 74.4988
旋转前  axeX:0.237295, 0.821449, -0.518568,axyY:-0.825319, 0.452037, 0.338394,axyZ:0.512385, 0.347685, 0.785224,pos:25.3374, 10.5786, 74.4988
旋转后  axeX:0.18764, 0.830969, -0.523719,axyY:-0.834872, 0.415828, 0.36066,axyZ:0.517475, 0.369564, 0.771779,pos:26.8898, 11.6873, 76.8141
旋转前  axeX:0.18764, 0.830969, -0.523719,axyY:-0.834872, 0.415828, 0.36066,axyZ:0.517475, 0.369564, 0.771779,pos:26.8898, 11.6873, 76.8141
旋转后  axeX:0.137504, 0.838326, -0.527544,axyY:-0.842252, 0.379243, 0.383127,axyZ:0.521253, 0.391643, 0.758229,pos:28.4536, 12.8622, 79.0888
旋转前  axeX:0.137504, 0.838326, -0.527544,axyY:-0.842252, 0.379243, 0.383127,axyZ:0.521253, 0.391643, 0.758229,pos:28.4536, 12.8622, 79.0888
旋转后  axeX:0.0870218, 0.843499, -0.530035,axyY:-0.84744, 0.342382, 0.405734,axyZ:0.52371, 0.413865, 0.74461,pos:30.0247, 14.1038, 81.3226
旋转前  axeX:0.0870218, 0.843499, -0.530035,axyY:-0.84744, 0.342382, 0.405734,axyZ:0.52371, 0.413865, 0.74461,pos:30.0247, 14.1038, 81.3226
旋转后  axeX:0.0363393, 0.84647, -0.531195,axyY:-0.850424, 0.305355, 0.428412,axyZ:0.524841, 0.436173, 0.730955,pos:31.5992, 15.4123, 83.5155
旋转前  axeX:0.0363393, 0.84647, -0.531195,axyY:-0.850424, 0.305355, 0.428412,axyZ:0.524841, 0.436173, 0.730955,pos:31.5992, 15.4123, 83.5155
旋转后  axeX:-0.0143715, 0.847223, -0.531044,axyY:-0.8512, 0.268301, 0.45108,axyZ:0.524645, 0.458507, 0.7173,pos:33.1732, 16.7878, 85.6674
旋转前  axeX:-0.0143715, 0.847223, -0.531044,axyY:-0.8512, 0.268301, 0.45108,axyZ:0.524645, 0.458507, 0.7173,pos:33.1732, 16.7878, 85.6674
旋转后  axeX:-0.0650118, 0.845771, -0.529571,axyY:-0.849774, 0.231283, 0.4737,axyZ:0.523122, 0.480812, 0.703679,pos:34.7425, 18.2303, 87.7784
旋转前  axeX:-0.0650118, 0.845771, -0.529571,axyY:-0.849774, 0.231283, 0.4737,axyZ:0.523122, 0.480812, 0.703679,pos:34.7425, 18.2303, 87.7784
旋转后  axeX:-0.115438, 0.842121, -0.52679,axyY:-0.846158, 0.194411, 0.496206,axyZ:0.520279, 0.503028, 0.690125,pos:36.3034, 19.7394, 89.8488
旋转前  axeX:-0.115438, 0.842121, -0.52679,axyY:-0.846158, 0.194411, 0.496206,axyZ:0.520279, 0.503028, 0.690125,pos:36.3034, 19.7394, 89.8488
旋转后  axeX:-0.165499, 0.836283, -0.522725,axyY:-0.840373, 0.157801, 0.518529,axyZ:0.516123, 0.5251, 0.676674,pos:37.8517, 21.3147, 91.8788
旋转前  axeX:-0.165499, 0.836283, -0.522725,axyY:-0.840373, 0.157801, 0.518529,axyZ:0.516123, 0.5251, 0.676674,pos:37.8517, 21.3147, 91.8788
旋转后  axeX:-0.215042, 0.828278, -0.517409,axyY:-0.83245, 0.121575, 0.540597,axyZ:0.510669, 0.546969, 0.663357,pos:39.3837, 22.9556, 93.8689
旋转前  axeX:-0.215042, 0.828278, -0.517409,axyY:-0.83245, 0.121575, 0.540597,axyZ:0.510669, 0.546969, 0.663357,pos:39.3837, 22.9556, 93.8689
旋转后  axeX:-0.263944, 0.818139, -0.510865,axyY:-0.822426, 0.085823, 0.56236,axyZ:0.503933, 0.56858, 0.650207,pos:40.8955, 24.6613, 95.8195
旋转前  axeX:-0.263944, 0.818139, -0.510865,axyY:-0.822426, 0.085823, 0.56236,axyZ:0.503933, 0.56858, 0.650207,pos:40.8955, 24.6613, 95.8195
旋转后  axeX:-0.31208, 0.805903, -0.503118,axyY:-0.810343, 0.0506383, 0.583763,axyZ:0.495933, 0.589878, 0.637255,pos:42.3833, 26.431, 97.7313
旋转前  axeX:-0.31208, 0.805903, -0.503118,axyY:-0.810343, 0.0506383, 0.583763,axyZ:0.495933, 0.589878, 0.637255,pos:42.3833, 26.431, 97.7313
旋转后  axeX:-0.359309, 0.791613, -0.494212,axyY:-0.796257, 0.0161298, 0.604743,axyZ:0.486695, 0.61081, 0.624532,pos:43.8434, 28.2634, 99.6049
旋转前  axeX:-0.359309, 0.791613, -0.494212,axyY:-0.796257, 0.0161298, 0.604743,axyZ:0.486695, 0.61081, 0.624532,pos:43.8434, 28.2634, 99.6049
旋转后  axeX:-0.405508, 0.775322, -0.484191,axyY:-0.780228, -0.0176059, 0.625247,axyZ:0.476243, 0.631322, 0.612067,pos:45.2721, 30.1573, 101.441
旋转前  axeX:-0.405508, 0.775322, -0.484191,axyY:-0.780228, -0.0176059, 0.625247,axyZ:0.476243, 0.631322, 0.612067,pos:45.2721, 30.1573, 101.441
旋转后  axeX:-0.45056, 0.757085, -0.473094,axyY:-0.762322, -0.0504829, 0.645225,axyZ:0.464608, 0.651363, 0.599889,pos:46.666, 32.1114, 103.241
旋转前  axeX:-0.45056, 0.757085, -0.473094,axyY:-0.762322, -0.0504829, 0.645225,axyZ:0.464608, 0.651363, 0.599889,pos:46.666, 32.1114, 103.241
旋转后  axeX:-0.494351, 0.736969, -0.460972,axyY:-0.742613, -0.0824132, 0.664631,axyZ:0.451822, 0.670885, 0.588023,pos:48.0214, 34.1241, 105.005
旋转前  axeX:-0.494351, 0.736969, -0.460972,axyY:-0.742613, -0.0824132, 0.664631,axyZ:0.451822, 0.670885, 0.588023,pos:48.0214, 34.1241, 105.005
旋转后  axeX:-0.536773, 0.715041, -0.447875,axyY:-0.72118, -0.113314, 0.683417,axyZ:0.437921, 0.689839, 0.576497,pos:49.3352, 36.1936, 106.734
旋转前  axeX:-0.536773, 0.715041, -0.447875,axyY:-0.72118, -0.113314, 0.683417,axyZ:0.437921, 0.689839, 0.576497,pos:49.3352, 36.1936, 106.734
旋转后  axeX:-0.577734, 0.691375, -0.433848,axyY:-0.698099, -0.14312, 0.701551,axyZ:0.422943, 0.708179, 0.565334,pos:50.604, 38.3181, 108.43
旋转前  axeX:-0.577734, 0.691375, -0.433848,axyY:-0.698099, -0.14312, 0.701551,axyZ:0.422943, 0.708179, 0.565334,pos:50.604, 38.3181, 108.43
旋转后  axeX:-0.617122, 0.666054, -0.418967,axyY:-0.673477, -0.17174, 0.718981,axyZ:0.406928, 0.725863, 0.554557,pos:51.8248, 40.4957, 110.094
旋转前  axeX:-0.617122, 0.666054, -0.418967,axyY:-0.673477, -0.17174, 0.718981,axyZ:0.406928, 0.725863, 0.554557,pos:51.8248, 40.4957, 110.094
旋转后  axeX:-0.654854, 0.639163, -0.403284,axyY:-0.647402, -0.199115, 0.735679,axyZ:0.389919, 0.742849, 0.544186,pos:52.9946, 42.7243, 111.727
旋转前  axeX:-0.654854, 0.639163, -0.403284,axyY:-0.647402, -0.199115, 0.735679,axyZ:0.389919, 0.742849, 0.544186,pos:52.9946, 42.7243, 111.727
旋转后  axeX:-0.690868, 0.610783, -0.386842,axyY:-0.619957, -0.225201, 0.751623,axyZ:0.371962, 0.759098, 0.534243,pos:54.1105, 45.0016, 113.329
旋转前  axeX:-0.690868, 0.610783, -0.386842,axyY:-0.619957, -0.225201, 0.751623,axyZ:0.371962, 0.759098, 0.534243,pos:54.1105, 45.0016, 113.329
旋转后  axeX:-0.725067, 0.581014, -0.369732,axyY:-0.591267, -0.249921, 0.766774,axyZ:0.353103, 0.774572, 0.524745,pos:55.1698, 47.3253, 114.904
旋转前  axeX:-0.725067, 0.581014, -0.369732,axyY:-0.591267, -0.249921, 0.766774,axyZ:0.353103, 0.774572, 0.524745,pos:55.1698, 47.3253, 114.904
旋转后  axeX:-0.757402, 0.549946, -0.351999,axyY:-0.561422, -0.273244, 0.781117,axyZ:0.333391, 0.789239, 0.515707,pos:56.1699, 49.693, 116.451
旋转前  axeX:-0.757402, 0.549946, -0.351999,axyY:-0.561422, -0.273244, 0.781117,axyZ:0.333391, 0.789239, 0.515707,pos:56.1699, 49.693, 116.451
旋转后  axeX:-0.787816, 0.517674, -0.333707,axyY:-0.530523, -0.295129, 0.794634,axyZ:0.312875, 0.803065, 0.507145,pos:57.1086, 52.1022, 117.972
旋转前  axeX:-0.787816, 0.517674, -0.333707,axyY:-0.530523, -0.295129, 0.794634,axyZ:0.312875, 0.803065, 0.507145,pos:57.1086, 52.1022, 117.972
旋转后  axeX:-0.816247, 0.484306, -0.314944,axyY:-0.498704, -0.315526, 0.807302,axyZ:0.291608, 0.816022, 0.499072,pos:57.9834, 54.5503, 119.469
旋转前  axeX:-0.816247, 0.484306, -0.314944,axyY:-0.498704, -0.315526, 0.807302,axyZ:0.291608, 0.816022, 0.499072,pos:57.9834, 54.5503, 119.469
旋转后  axeX:-0.842666, 0.449935, -0.29576,axyY:-0.466056, -0.334419, 0.819119,axyZ:0.269642, 0.828084, 0.491499,pos:58.7923, 57.0345, 120.944
旋转前  axeX:-0.842666, 0.449935, -0.29576,axyY:-0.466056, -0.334419, 0.819119,axyZ:0.269642, 0.828084, 0.491499,pos:58.7923, 57.0345, 120.944
旋转后  axeX:-0.867043, 0.414661, -0.276216,axyY:-0.432683, -0.351791, 0.830077,axyZ:0.24703, 0.839226, 0.484434,pos:59.5334, 59.5522, 122.397
旋转前  axeX:-0.867043, 0.414661, -0.276216,axyY:-0.432683, -0.351791, 0.830077,axyZ:0.24703, 0.839226, 0.484434,pos:59.5334, 59.5522, 122.397
旋转后  axeX:-0.889347, 0.378589, -0.256388,axyY:-0.398705, -0.36762, 0.840173,axyZ:0.223827, 0.849428, 0.477886,pos:60.2049, 62.1005, 123.831
旋转前  axeX:-0.889347, 0.378589, -0.256388,axyY:-0.398705, -0.36762, 0.840173,axyZ:0.223827, 0.849428, 0.477886,pos:60.2049, 62.1005, 123.831
旋转后  axeX:-0.90956, 0.341822, -0.236346,axyY:-0.364235, -0.381896, 0.849404,axyZ:0.200086, 0.85867, 0.471861,pos:60.8051, 64.6765, 125.246
旋转前  axeX:-0.90956, 0.341822, -0.236346,axyY:-0.364235, -0.381896, 0.849404,axyZ:0.200086, 0.85867, 0.471861,pos:60.8051, 64.6765, 125.246
旋转后  axeX:-0.927681, 0.304455, -0.21614,axyY:-0.329366, -0.394625, 0.857781,axyZ:0.175862, 0.866936, 0.466363,pos:61.3327, 67.2773, 126.645
旋转前  axeX:-0.927681, 0.304455, -0.21614,axyY:-0.329366, -0.394625, 0.857781,axyZ:0.175862, 0.866936, 0.466363,pos:61.3327, 67.2773, 126.645
旋转后  axeX:-0.9437, 0.266597, -0.195854,axyY:-0.294224, -0.405802, 0.865307,axyZ:0.151211, 0.874215, 0.461394,pos:61.7864, 69.8999, 128.03
旋转前  axeX:-0.9437, 0.266597, -0.195854,axyY:-0.294224, -0.405802, 0.865307,axyZ:0.151211, 0.874215, 0.461394,pos:61.7864, 69.8999, 128.03
旋转后  axeX:-0.957624, 0.228345, -0.175548,axyY:-0.258912, -0.415439, 0.871994,axyZ:0.126186, 0.880494, 0.456956,pos:62.1649, 72.5414, 129.4
旋转前  axeX:-0.957624, 0.228345, -0.175548,axyY:-0.258912, -0.415439, 0.871994,axyZ:0.126186, 0.880494, 0.456956,pos:62.1649, 72.5414, 129.4
旋转后  axeX:-0.969472, 0.189786, -0.155264,axyY:-0.22351, -0.423558, 0.877862,axyZ:0.100843, 0.885765, 0.453047,pos:62.4674, 75.1987, 130.76
旋转前  axeX:-0.969472, 0.189786, -0.155264,axyY:-0.22351, -0.423558, 0.877862,axyZ:0.100843, 0.885765, 0.453047,pos:62.4674, 75.1987, 130.76
旋转后  axeX:-0.979254, 0.151034, -0.1351,axyY:-0.188157, -0.430171, 0.882921,axyZ:0.0752351, 0.890024, 0.449664,pos:62.6931, 77.8688, 132.109
旋转前  axeX:-0.979254, 0.151034, -0.1351,axyY:-0.188157, -0.430171, 0.882921,axyZ:0.0752351, 0.890024, 0.449664,pos:62.6931, 77.8688, 132.109
旋转后  axeX:-0.986999, 0.112179, -0.115113,axyY:-0.152948, -0.435306, 0.887195,axyZ:0.0494154, 0.893266, 0.446804,pos:62.8414, 80.5486, 133.449
旋转前  axeX:-0.986999, 0.112179, -0.115113,axyY:-0.152948, -0.435306, 0.887195,axyZ:0.0494154, 0.893266, 0.446804,pos:62.8414, 80.5486, 133.449
旋转后  axeX:-0.992743, 0.0733015, -0.0953405,axyY:-0.117956, -0.439, 0.89071,axyZ:0.0234364, 0.895492, 0.444461,pos:62.9117, 83.2351, 134.782
旋转前  axeX:-0.992743, 0.0733015, -0.0953405,axyY:-0.117956, -0.439, 0.89071,axyZ:0.0234364, 0.895492, 0.444461,pos:62.9117, 83.2351, 134.782
旋转后  axeX:-0.996521, 0.0345074, -0.0758754,axyY:-0.0833115, -0.441287, 0.89349,axyZ:-0.00265032, 0.896703, 0.442626,pos:62.9038, 85.9252, 136.11
旋转前  axeX:-0.996521, 0.0345074, -0.0758754,axyY:-0.0833115, -0.441287, 0.89349,axyZ:-0.00265032, 0.896703, 0.442626,pos:62.9038, 85.9252, 136.11
旋转后  axeX:-0.998385, -0.0041682, -0.0566751,axyY:-0.0489926, -0.442212, 0.895571,axyZ:-0.0287948, 0.896901, 0.441294,pos:62.8174, 88.6159, 137.434
旋转前  axeX:-0.998385, -0.0041682, -0.0566751,axyY:-0.0489926, -0.442212, 0.895571,axyZ:-0.0287948, 0.896901, 0.441294,pos:62.8174, 88.6159, 137.434
旋转后  axeX:-0.998373, -0.0425486, -0.0379874,axyY:-0.0152998, -0.44182, 0.896973,axyZ:-0.054948, 0.896094, 0.44045,pos:62.6525, 91.3042, 138.756
旋转前  axeX:-0.998373, -0.0425486, -0.0379874,axyY:-0.0152998, -0.44182, 0.896973,axyZ:-0.054948, 0.896094, 0.44045,pos:62.6525, 91.3042, 138.756
旋转后  axeX:-0.99655, -0.0806409, -0.0196936,axyY:0.017877, -0.440163, 0.89774,axyZ:-0.0810624, 0.89429, 0.440086,pos:62.4093, 93.987, 140.076
旋转前  axeX:-0.99655, -0.0806409, -0.0196936,axyY:0.017877, -0.440163, 0.89774,axyZ:-0.0810624, 0.89429, 0.440086,pos:62.4093, 93.987, 140.076
旋转后  axeX:-0.992967, -0.118385, -0.00181625,axyY:0.0504924, -0.437287, 0.897903,axyZ:-0.107092, 0.891496, 0.440189,pos:62.0881, 96.6615, 141.396
旋转前  axeX:-0.992967, -0.118385, -0.00181625,axyY:0.0504924, -0.437287, 0.897903,axyZ:-0.107092, 0.891496, 0.440189,pos:62.0881, 96.6615, 141.396
旋转后  axeX:-0.987691, -0.155655, 0.015481,axyY:0.0823468, -0.433261, 0.897499,axyZ:-0.132992, 0.887726, 0.440745,pos:61.6891, 99.3247, 142.719
旋转前  axeX:-0.987691, -0.155655, 0.015481,axyY:0.0823468, -0.433261, 0.897499,axyZ:-0.132992, 0.887726, 0.440745,pos:61.6891, 99.3247, 142.719
旋转后  axeX:-0.980779, -0.19244, 0.0322655,axyY:0.113499, -0.428129, 0.896562,axyZ:-0.15872, 0.882991, 0.441741,pos:61.2129, 101.974, 144.044
旋转前  axeX:-0.980779, -0.19244, 0.0322655,axyY:0.113499, -0.428129, 0.896562,axyZ:-0.15872, 0.882991, 0.441741,pos:61.2129, 101.974, 144.044
旋转后  axeX:-0.972293, -0.228683, 0.0485013,axyY:0.143894, -0.421948, 0.895128,axyZ:-0.184235, 0.877306, 0.443163,pos:60.6602, 104.606, 145.373
旋转前  axeX:-0.972293, -0.228683, 0.0485013,axyY:0.143894, -0.421948, 0.895128,axyZ:-0.184235, 0.877306, 0.443163,pos:60.6602, 104.606, 145.373
旋转后  axeX:-0.962296, -0.264332, 0.0641614,axyY:0.17349, -0.414774, 0.893232,axyZ:-0.209497, 0.870685, 0.444995,pos:60.0317, 107.218, 146.708
旋转前  axeX:-0.962296, -0.264332, 0.0641614,axyY:0.17349, -0.414774, 0.893232,axyZ:-0.209497, 0.870685, 0.444995,pos:60.0317, 107.218, 146.708
旋转后  axeX:-0.95086, -0.299326, 0.0791887,axyY:0.202216, -0.406677, 0.890911,axyZ:-0.234468, 0.863145, 0.447221,pos:59.3283, 109.807, 148.05
旋转前  axeX:-0.95086, -0.299326, 0.0791887,axyY:0.202216, -0.406677, 0.890911,axyZ:-0.234468, 0.863145, 0.447221,pos:59.3283, 109.807, 148.05
旋转后  axeX:-0.938093, -0.333553, 0.0934091,axyY:0.229876, -0.397769, 0.888221,axyZ:-0.259113, 0.854706, 0.44982,pos:58.551, 112.371, 149.399
旋转前  axeX:-0.938093, -0.333553, 0.0934091,axyY:0.229876, -0.397769, 0.888221,axyZ:-0.259113, 0.854706, 0.44982,pos:58.551, 112.371, 149.399
旋转后  axeX:-0.924064, -0.367003, 0.106854,axyY:0.256501, -0.388108, 0.8852,axyZ:-0.283399, 0.845389, 0.452772,pos:57.7008, 114.907, 150.758
旋转前  axeX:-0.924064, -0.367003, 0.106854,axyY:0.256501, -0.388108, 0.8852,axyZ:-0.283399, 0.845389, 0.452772,pos:57.7008, 114.907, 150.758
旋转后  axeX:-0.908871, -0.399613, 0.119438,axyY:0.282001, -0.377792, 0.8819,axyZ:-0.307296, 0.835215, 0.456055,pos:56.7789, 117.413, 152.126
旋转前  axeX:-0.908871, -0.399613, 0.119438,axyY:0.282001, -0.377792, 0.8819,axyZ:-0.307296, 0.835215, 0.456055,pos:56.7789, 117.413, 152.126
旋转后  axeX:-0.892564, -0.431401, 0.131242,axyY:0.306462, -0.366853, 0.87835,axyZ:-0.330774, 0.824205, 0.459648,pos:55.7866, 119.886, 153.505
旋转前  axeX:-0.892564, -0.431401, 0.131242,axyY:0.306462, -0.366853, 0.87835,axyZ:-0.330774, 0.824205, 0.459648,pos:55.7866, 119.886, 153.505
旋转后  axeX:-0.875196, -0.462365, 0.142312,axyY:0.329932, -0.35533, 0.874577,axyZ:-0.353805, 0.81238, 0.463532,pos:54.7252, 122.323, 154.895
旋转前  axeX:-0.875196, -0.462365, 0.142312,axyY:0.329932, -0.35533, 0.874577,axyZ:-0.353805, 0.81238, 0.463532,pos:54.7252, 122.323, 154.895
旋转后  axeX:-0.856809, -0.492507, 0.152701,axyY:0.352464, -0.343249, 0.870602,axyZ:-0.376363, 0.799761, 0.46769,pos:53.5961, 124.722, 156.299
旋转前  axeX:-0.856809, -0.492507, 0.152701,axyY:0.352464, -0.343249, 0.870602,axyZ:-0.376363, 0.799761, 0.46769,pos:53.5961, 124.722, 156.299
旋转后  axeX:-0.837594, -0.521692, 0.162099,axyY:0.373757, -0.330839, 0.866516,axyZ:-0.398425, 0.786375, 0.472095,pos:52.4008, 127.081, 157.715
旋转前  axeX:-0.837594, -0.521692, 0.162099,axyY:0.373757, -0.330839, 0.866516,axyZ:-0.398425, 0.786375, 0.472095,pos:52.4008, 127.081, 157.715
旋转后  axeX:-0.817477, -0.55004, 0.170849,axyY:0.394157, -0.317965, 0.862287,axyZ:-0.419968, 0.772241, 0.476731,pos:51.1409, 129.398, 159.145
旋转前  axeX:-0.817477, -0.55004, 0.170849,axyY:0.394157, -0.317965, 0.862287,axyZ:-0.419968, 0.772241, 0.476731,pos:51.1409, 129.398, 159.145
旋转后  axeX:-0.796517, -0.577533, 0.178938,axyY:0.413652, -0.30468, 0.85794,axyZ:-0.44097, 0.757382, 0.48158,pos:49.818, 131.67, 160.59
旋转前  axeX:-0.796517, -0.577533, 0.178938,axyY:0.413652, -0.30468, 0.85794,axyZ:-0.44097, 0.757382, 0.48158,pos:49.818, 131.67, 160.59
旋转后  axeX:-0.774965, -0.604023, 0.185978,axyY:0.431889, -0.291296, 0.853591,axyZ:-0.461414, 0.741825, 0.486615,pos:48.4337, 133.896, 162.05
旋转前  axeX:-0.774965, -0.604023, 0.185978,axyY:0.431889, -0.291296, 0.853591,axyZ:-0.461414, 0.741825, 0.486615,pos:48.4337, 133.896, 162.05
旋转后  axeX:-0.75269, -0.629646, 0.192366,axyY:0.44925, -0.277605, 0.849182,axyZ:-0.481282, 0.725592, 0.491819,pos:46.9899, 136.072, 163.525
旋转前  axeX:-0.75269, -0.629646, 0.192366,axyY:0.44925, -0.277605, 0.849182,axyZ:-0.481282, 0.725592, 0.491819,pos:46.9899, 136.072, 163.525
旋转后  axeX:-0.729854, -0.65433, 0.197905,axyY:0.465569, -0.263798, 0.844781,axyZ:-0.500559, 0.708706, 0.49717,pos:45.4882, 138.198, 165.017
旋转前  axeX:-0.729854, -0.65433, 0.197905,axyY:0.465569, -0.263798, 0.844781,axyZ:-0.500559, 0.708706, 0.49717,pos:45.4882, 138.198, 165.017
旋转后  axeX:-0.706564, -0.678053, 0.202518,axyY:0.480797, -0.249996, 0.840438,axyZ:-0.519233, 0.691194, 0.502643,pos:43.9305, 140.272, 166.524
旋转前  axeX:-0.706564, -0.678053, 0.202518,axyY:0.480797, -0.249996, 0.840438,axyZ:-0.519233, 0.691194, 0.502643,pos:43.9305, 140.272, 166.524
旋转后  axeX:-0.682804, -0.700859, 0.206344,axyY:0.495074, -0.236147, 0.836143,axyZ:-0.53729, 0.673078, 0.508219,pos:42.3186, 142.291, 168.049
旋转前  axeX:-0.682804, -0.700859, 0.206344,axyY:0.495074, -0.236147, 0.836143,axyZ:-0.53729, 0.673078, 0.508219,pos:42.3186, 142.291, 168.049
旋转后  axeX:-0.658682, -0.722727, 0.2093,axyY:0.508352, -0.222376, 0.831942,axyZ:-0.554723, 0.654383, 0.513874,pos:40.6545, 144.254, 169.591
旋转前  axeX:-0.658682, -0.722727, 0.2093,axyY:0.508352, -0.222376, 0.831942,axyZ:-0.554723, 0.654383, 0.513874,pos:40.6545, 144.254, 169.591
旋转后  axeX:-0.634309, -0.743643, 0.211305,axyY:0.52059, -0.208811, 0.827879,axyZ:-0.571523, 0.635135, 0.519583,pos:38.9399, 146.16, 171.15
旋转前  axeX:-0.634309, -0.743643, 0.211305,axyY:0.52059, -0.208811, 0.827879,axyZ:-0.571523, 0.635135, 0.519583,pos:38.9399, 146.16, 171.15
旋转后  axeX:-0.609703, -0.763635, 0.212429,axyY:0.531874, -0.19545, 0.823959,axyZ:-0.587685, 0.615356, 0.525324,pos:37.1769, 148.006, 172.725
旋转前  axeX:-0.609703, -0.763635, 0.212429,axyY:0.531874, -0.19545, 0.823959,axyZ:-0.587685, 0.615356, 0.525324,pos:37.1769, 148.006, 172.725
旋转后  axeX:-0.584844, -0.78274, 0.212787,axyY:0.542317, -0.182243, 0.82017,axyZ:-0.603201, 0.59507, 0.531076,pos:35.3673, 149.791, 174.319
旋转前  axeX:-0.584844, -0.78274, 0.212787,axyY:0.542317, -0.182243, 0.82017,axyZ:-0.603201, 0.59507, 0.531076,pos:35.3673, 149.791, 174.319
旋转后  axeX:-0.559863, -0.800938, 0.212261,axyY:0.551857, -0.169352, 0.816562,axyZ:-0.618068, 0.574301, 0.536816,pos:33.5131, 151.514, 175.929
旋转前  axeX:-0.559863, -0.800938, 0.212261,axyY:0.551857, -0.169352, 0.816562,axyZ:-0.618068, 0.574301, 0.536816,pos:33.5131, 151.514, 175.929
旋转后  axeX:-0.534822, -0.818239, 0.210838,axyY:0.560519, -0.156843, 0.813153,axyZ:-0.632285, 0.553071, 0.542521,pos:31.6162, 153.173, 177.557
旋转前  axeX:-0.534822, -0.818239, 0.210838,axyY:0.560519, -0.156843, 0.813153,axyZ:-0.632285, 0.553071, 0.542521,pos:31.6162, 153.173, 177.557
旋转后  axeX:-0.509885, -0.834629, 0.20836,axyY:0.568236, -0.14493, 0.810002,axyZ:-0.645853, 0.531405, 0.548163,pos:29.6786, 154.767, 179.201
旋转前  axeX:-0.509885, -0.834629, 0.20836,axyY:0.568236, -0.14493, 0.810002,axyZ:-0.645853, 0.531405, 0.548163,pos:29.6786, 154.767, 179.201
旋转后  axeX:-0.48505, -0.850142, 0.204905,axyY:0.575101, -0.133594, 0.8071,axyZ:-0.658776, 0.509326, 0.553717,pos:27.7023, 156.295, 180.862
旋转前  axeX:-0.48505, -0.850142, 0.204905,axyY:0.575101, -0.133594, 0.8071,axyZ:-0.658776, 0.509326, 0.553717,pos:27.7023, 156.295, 180.862
旋转后  axeX:-0.460162, -0.86484, 0.20076,axyY:0.581327, -0.122586, 0.804382,axyZ:-0.671052, 0.486854, 0.559164,pos:25.6892, 157.756, 182.54
旋转前  axeX:-0.460162, -0.86484, 0.20076,axyY:0.581327, -0.122586, 0.804382,axyZ:-0.671052, 0.486854, 0.559164,pos:25.6892, 157.756, 182.54
旋转后  axeX:-0.435211, -0.878738, 0.19599,axyY:0.586978, -0.111873, 0.801836,axyZ:-0.682678, 0.46401, 0.564488,pos:23.6411, 159.148, 184.233
旋转前  axeX:-0.435211, -0.878738, 0.19599,axyY:0.586978, -0.111873, 0.801836,axyZ:-0.682678, 0.46401, 0.564488,pos:23.6411, 159.148, 184.233
旋转后  axeX:-0.410358, -0.891822, 0.190429,axyY:0.591985, -0.101675, 0.799509,axyZ:-0.693658, 0.440816, 0.569668,pos:21.5602, 160.47, 185.942
旋转前  axeX:-0.410358, -0.891822, 0.190429,axyY:0.591985, -0.101675, 0.799509,axyZ:-0.693658, 0.440816, 0.569668,pos:21.5602, 160.47, 185.942
旋转后  axeX:-0.385643, -0.904101, 0.184074,axyY:0.596383, -0.0920353, 0.797406,axyZ:-0.703994, 0.417292, 0.574683,pos:19.4482, 161.722, 187.666
旋转前  axeX:-0.385643, -0.904101, 0.184074,axyY:0.596383, -0.0920353, 0.797406,axyZ:-0.703994, 0.417292, 0.574683,pos:19.4482, 161.722, 187.666
旋转后  axeX:-0.36113, -0.915586, 0.176891,axyY:0.600192, -0.0830337, 0.795534,axyZ:-0.713692, 0.39346, 0.579512,pos:17.3071, 162.903, 189.405
旋转前  axeX:-0.36113, -0.915586, 0.176891,axyY:0.600192, -0.0830337, 0.795534,axyZ:-0.713692, 0.39346, 0.579512,pos:17.3071, 162.903, 189.405
旋转后  axeX:-0.336899, -0.926283, 0.168825,axyY:0.603424, -0.0747737, 0.793907,axyZ:-0.722758, 0.369339, 0.584132,pos:15.1388, 164.011, 191.157
旋转前  axeX:-0.336899, -0.926283, 0.168825,axyY:0.603424, -0.0747737, 0.793907,axyZ:-0.722758, 0.369339, 0.584132,pos:15.1388, 164.011, 191.157
旋转后  axeX:-0.31286, -0.936221, 0.160039,axyY:0.606191, -0.0671048, 0.792482,axyZ:-0.731199, 0.34495, 0.588523,pos:12.9452, 165.046, 192.923
旋转前  axeX:-0.31286, -0.936221, 0.160039,axyY:0.606191, -0.0671048, 0.792482,axyZ:-0.731199, 0.34495, 0.588523,pos:12.9452, 165.046, 192.923
旋转后  axeX:-0.289169, -0.945395, 0.150371,axyY:0.608465, -0.0602519, 0.79129,axyZ:-0.739022, 0.320312, 0.592662,pos:10.7282, 166.006, 194.701
旋转前  axeX:-0.289169, -0.945395, 0.150371,axyY:0.608465, -0.0602519, 0.79129,axyZ:-0.739022, 0.320312, 0.592662,pos:10.7282, 166.006, 194.701
旋转后  axeX:-0.265751, -0.953829, 0.139962,axyY:0.610338, -0.0540846, 0.790292,axyZ:-0.746234, 0.295445, 0.59653,pos:8.48945, 166.893, 196.49
旋转前  axeX:-0.265751, -0.953829, 0.139962,axyY:0.610338, -0.0540846, 0.790292,axyZ:-0.746234, 0.295445, 0.59653,pos:8.48945, 166.893, 196.49
旋转后  axeX:-0.242652, -0.961528, 0.128789,axyY:0.611839, -0.0486595, 0.789484,axyZ:-0.752844, 0.270368, 0.600107,pos:6.23092, 167.704, 198.291
旋转前  axeX:-0.242652, -0.961528, 0.128789,axyY:0.611839, -0.0486595, 0.789484,axyZ:-0.752844, 0.270368, 0.600107,pos:6.23092, 167.704, 198.291
旋转后  axeX:-0.219909, -0.968499, 0.11684,axyY:0.613002, -0.0440222, 0.788853,axyZ:-0.75886, 0.2451, 0.603373,pos:3.95434, 168.439, 200.101
旋转前  axeX:-0.219909, -0.968499, 0.11684,axyY:0.613002, -0.0440222, 0.788853,axyZ:-0.75886, 0.2451, 0.603373,pos:3.95434, 168.439, 200.101
旋转后  axeX:-0.197622, -0.974745, 0.104023,axyY:0.613839, -0.0403146, 0.7884,axyZ:-0.764295, 0.219659, 0.606303,pos:1.66146, 169.098, 201.92
旋转前  axeX:-0.197622, -0.974745, 0.104023,axyY:0.613839, -0.0403146, 0.7884,axyZ:-0.764295, 0.219659, 0.606303,pos:1.66146, 169.098, 201.92
旋转后  axeX:-0.175653, -0.98028, 0.0905476,axyY:0.614446, -0.0373069, 0.788076,axyZ:-0.769157, 0.194065, 0.608882,pos:-0.646015, 169.68, 203.746
旋转前  axeX:-0.175653, -0.98028, 0.0905476,axyY:0.614446, -0.0373069, 0.788076,axyZ:-0.769157, 0.194065, 0.608882,pos:-0.646015, 169.68, 203.746
旋转后  axeX:-0.154082, -0.985106, 0.076343,axyY:0.614838, -0.03511, 0.787871,axyZ:-0.773455, 0.168336, 0.61109,pos:-2.96638, 170.185, 205.58
旋转前  axeX:-0.154082, -0.985106, 0.076343,axyY:0.614838, -0.03511, 0.787871,axyZ:-0.773455, 0.168336, 0.61109,pos:-2.96638, 170.185, 205.58
旋转后  axeX:-0.132944, -0.989221, 0.061394,axyY:0.615048, -0.0337671, 0.787766,axyZ:-0.777202, 0.14249, 0.612907,pos:-5.29799, 170.613, 207.418
旋转前  axeX:-0.132944, -0.989221, 0.061394,axyY:0.615048, -0.0337671, 0.787766,axyZ:-0.777202, 0.14249, 0.612907,pos:-5.29799, 170.613, 207.418
旋转后  axeX:-0.11224, -0.992629, 0.0457315,axyY:0.615116, -0.0332613, 0.787734,axyZ:-0.780407, 0.116546, 0.614315,pos:-7.63921, 170.963, 209.261
旋转前  axeX:-0.11224, -0.992629, 0.0457315,axyY:0.615116, -0.0332613, 0.787734,axyZ:-0.780407, 0.116546, 0.614315,pos:-7.63921, 170.963, 209.261
旋转后  axeX:-0.0920051, -0.995327, 0.0293372,axyY:0.615073, -0.0336367, 0.787752,axyZ:-0.783084, 0.090522, 0.615294,pos:-9.98846, 171.234, 211.107
旋转前  axeX:-0.0920051, -0.995327, 0.0293372,axyY:0.615073, -0.0336367, 0.787752,axyZ:-0.783084, 0.090522, 0.615294,pos:-9.98846, 171.234, 211.107
旋转后  axeX:-0.0722475, -0.997313, 0.0122309,axyY:0.614957, -0.0348875, 0.787788,axyZ:-0.785244, 0.0644375, 0.615825,pos:-12.3442, 171.427, 212.955
旋转前  axeX:-0.0722475, -0.997313, 0.0122309,axyY:0.614957, -0.0348875, 0.787788,axyZ:-0.785244, 0.0644375, 0.615825,pos:-12.3442, 171.427, 212.955
旋转后  axeX:-0.0529566, -0.998582, -0.00554551,axyY:0.614804, -0.0369792, 0.787812,axyZ:-0.7869, 0.0383108, 0.615891,pos:-14.7049, 171.542, 214.802
旋转前  axeX:-0.0529566, -0.998582, -0.00554551,axyY:0.614804, -0.0369792, 0.787812,axyZ:-0.7869, 0.0383108, 0.615891,pos:-14.7049, 171.542, 214.802
旋转后  axeX:-0.034174, -0.999128, -0.0240163,axyY:0.614644, -0.0399595, 0.787792,axyZ:-0.788065, 0.0121608, 0.615473,pos:-17.0691, 171.579, 216.649
旋转前  axeX:-0.034174, -0.999128, -0.0240163,axyY:0.614644, -0.0399595, 0.787792,axyZ:-0.788065, 0.0121608, 0.615473,pos:-17.0691, 171.579, 216.649
旋转后  axeX:-0.015911, -0.998942, -0.0431672,axyY:0.614507, -0.0438262, 0.787693,axyZ:-0.788752, -0.0139932, 0.614554,pos:-19.4353, 171.537, 218.492
旋转前  axeX:-0.015911, -0.998942, -0.0431672,axyY:0.614507, -0.0438262, 0.787693,axyZ:-0.788752, -0.0139932, 0.614554,pos:-19.4353, 171.537, 218.492
旋转后  axeX:0.00185069, -0.998016, -0.0629449,axyY:0.614425, -0.0485271, 0.787481,axyZ:-0.788974, -0.040132, 0.613116,pos:-21.8023, 171.416, 220.332
旋转前  axeX:0.00185069, -0.998016, -0.0629449,axyY:0.614425, -0.0485271, 0.787481,axyZ:-0.788974, -0.040132, 0.613116,pos:-21.8023, 171.416, 220.332
旋转后  axeX:0.0189902, -0.99633, -0.0834741,axyY:0.614425, -0.0542341, 0.787108,axyZ:-0.788747, -0.0662355, 0.61114,pos:-24.1685, 171.218, 222.165
旋转前  axeX:0.0189902, -0.99633, -0.0834741,axyY:0.614425, -0.0542341, 0.787108,axyZ:-0.788747, -0.0662355, 0.61114,pos:-24.1685, 171.218, 222.165
旋转后  axeX:0.0356621, -0.993884, -0.104525,axyY:0.614535, -0.0606697, 0.786552,axyZ:-0.788083, -0.092284, 0.608613,pos:-26.5328, 170.941, 223.991
旋转前  axeX:0.0356621, -0.993884, -0.104525,axyY:0.614535, -0.0606697, 0.786552,axyZ:-0.788083, -0.092284, 0.608613,pos:-26.5328, 170.941, 223.991
旋转后  axeX:0.0517562, -0.990654, -0.126206,axyY:0.614781, -0.0679846, 0.785762,axyZ:-0.786998, -0.118257, 0.605517,pos:-28.8938, 170.586, 225.808
旋转前  axeX:0.0517562, -0.990654, -0.126206,axyY:0.614781, -0.0679846, 0.785762,axyZ:-0.786998, -0.118257, 0.605517,pos:-28.8938, 170.586, 225.808
旋转后  axeX:0.0672431, -0.986622, -0.148521,axyY:0.615189, -0.0761948, 0.784688,axyZ:-0.785507, -0.144133, 0.601835,pos:-31.2503, 170.154, 227.613
旋转前  axeX:0.0672431, -0.986622, -0.148521,axyY:0.615189, -0.0761948, 0.784688,axyZ:-0.785507, -0.144133, 0.601835,pos:-31.2503, 170.154, 227.613
旋转后  axeX:0.0821161, -0.981767, -0.171442,axyY:0.615782, -0.0852772, 0.783288,axyZ:-0.783626, -0.169891, 0.597552,pos:-33.6012, 169.644, 229.406
旋转前  axeX:0.0821161, -0.981767, -0.171442,axyY:0.615782, -0.0852772, 0.783288,axyZ:-0.783626, -0.169891, 0.597552,pos:-33.6012, 169.644, 229.406
旋转后  axeX:0.0964544, -0.976084, -0.19483,axyY:0.616571, -0.0950695, 0.781538,axyZ:-0.781369, -0.195509, 0.592655,pos:-35.9453, 169.058, 231.184
旋转前  axeX:0.0964544, -0.976084, -0.19483,axyY:0.616571, -0.0950695, 0.781538,axyZ:-0.781369, -0.195509, 0.592655,pos:-35.9453, 169.058, 231.184
旋转后  axeX:0.110272, -0.969559, -0.218628,axyY:0.617568, -0.105512, 0.779408,axyZ:-0.77875, -0.220965, 0.587133,pos:-38.2815, 168.395, 232.945
旋转前  axeX:0.110272, -0.969559, -0.218628,axyY:0.617568, -0.105512, 0.779408,axyZ:-0.77875, -0.220965, 0.587133,pos:-38.2815, 168.395, 232.945
旋转后  axeX:0.123484, -0.96216, -0.242905,axyY:0.6188, -0.116701, 0.776831,axyZ:-0.775783, -0.246235, 0.580974,pos:-40.6089, 167.656, 234.688
旋转前  axeX:0.123484, -0.96216, -0.242905,axyY:0.6188, -0.116701, 0.776831,axyZ:-0.775783, -0.246235, 0.580974,pos:-40.6089, 167.656, 234.688
旋转后  axeX:0.136055, -0.953861, -0.267658,axyY:0.620287, -0.128644, 0.773754,axyZ:-0.772486, -0.271297, 0.574164,pos:-42.9263, 166.842, 236.411
旋转前  axeX:0.136055, -0.953861, -0.267658,axyY:0.620287, -0.128644, 0.773754,axyZ:-0.772486, -0.271297, 0.574164,pos:-42.9263, 166.842, 236.411
旋转后  axeX:0.148036, -0.944652, -0.292779,axyY:0.622028, -0.141219, 0.770155,axyZ:-0.768875, -0.296127, 0.566694,pos:-45.2329, 165.954, 238.111
旋转前  axeX:0.148036, -0.944652, -0.292779,axyY:0.622028, -0.141219, 0.770155,axyZ:-0.768875, -0.296127, 0.566694,pos:-45.2329, 165.954, 238.111
旋转后  axeX:0.159365, -0.934501, -0.318296,axyY:0.624046, -0.154471, 0.765967,axyZ:-0.764965, -0.320699, 0.558554,pos:-47.5278, 164.992, 239.786
旋转前  axeX:0.159365, -0.934501, -0.318296,axyY:0.624046, -0.154471, 0.765967,axyZ:-0.764965, -0.320699, 0.558554,pos:-47.5278, 164.992, 239.786
旋转后  axeX:0.170071, -0.923395, -0.344123,axyY:0.626339, -0.168305, 0.761165,axyZ:-0.760774, -0.344989, 0.549734,pos:-49.8102, 163.957, 241.436
旋转前  axeX:0.170071, -0.923395, -0.344123,axyY:0.626339, -0.168305, 0.761165,axyZ:-0.760774, -0.344989, 0.549734,pos:-49.8102, 163.957, 241.436
旋转后  axeX:0.180102, -0.9113, -0.370268,axyY:0.628925, -0.182744, 0.755683,axyZ:-0.756318, -0.368971, 0.540227,pos:-52.0791, 162.85, 243.056
旋转前  axeX:0.180102, -0.9113, -0.370268,axyY:0.628925, -0.182744, 0.755683,axyZ:-0.756318, -0.368971, 0.540227,pos:-52.0791, 162.85, 243.056
旋转后  axeX:0.189428, -0.898187, -0.396711,axyY:0.631815, -0.197773, 0.749464,axyZ:-0.751617, -0.392617, 0.530024,pos:-54.334, 161.672, 244.646
旋转前  axeX:0.189428, -0.898187, -0.396711,axyY:0.631815, -0.197773, 0.749464,axyZ:-0.751617, -0.392617, 0.530024,pos:-54.334, 161.672, 244.646
旋转后  axeX:0.198118, -0.884059, -0.423311,axyY:0.634987, -0.213233, 0.742511,axyZ:-0.746687, -0.415901, 0.519121,pos:-56.574, 160.424, 246.204
旋转前  axeX:0.198118, -0.884059, -0.423311,axyY:0.634987, -0.213233, 0.742511,axyZ:-0.746687, -0.415901, 0.519121,pos:-56.574, 160.424, 246.204
旋转后  axeX:0.206104, -0.868876, -0.450086,axyY:0.638461, -0.229158, 0.734748,axyZ:-0.741546, -0.438796, 0.507513,pos:-58.7987, 159.108, 247.726
旋转前  axeX:0.206104, -0.868876, -0.450086,axyY:0.638461, -0.229158, 0.734748,axyZ:-0.741546, -0.438796, 0.507513,pos:-58.7987, 159.108, 247.726
旋转后  axeX:0.213356, -0.852612, -0.477006,axyY:0.642239, -0.245525, 0.726117,axyZ:-0.736213, -0.461273, 0.495196,pos:-61.0073, 157.724, 249.212
旋转前  axeX:0.213356, -0.852612, -0.477006,axyY:0.642239, -0.245525, 0.726117,axyZ:-0.736213, -0.461273, 0.495196,pos:-61.0073, 157.724, 249.212
旋转后  axeX:0.219936, -0.835272, -0.503935,axyY:0.646296, -0.262182, 0.716633,axyZ:-0.730706, -0.483304, 0.48217,pos:-63.1994, 156.274, 250.658
旋转前  axeX:0.219936, -0.835272, -0.503935,axyY:0.646296, -0.262182, 0.716633,axyZ:-0.730706, -0.483304, 0.48217,pos:-63.1994, 156.274, 250.658
旋转后  axeX:0.225772, -0.816819, -0.530883,axyY:0.650644, -0.279154, 0.706212,axyZ:-0.725045, -0.504859, 0.468433,pos:-65.3746, 154.759, 252.064
旋转前  axeX:0.225772, -0.816819, -0.530883,axyY:0.650644, -0.279154, 0.706212,axyZ:-0.725045, -0.504859, 0.468433,pos:-65.3746, 154.759, 252.064
旋转后  axeX:0.230849, -0.79723, -0.557795,axyY:0.65528, -0.29639, 0.69481,axyZ:-0.719248, -0.525908, 0.453988,pos:-67.5323, 153.182, 253.426
旋转前  axeX:0.230849, -0.79723, -0.557795,axyY:0.65528, -0.29639, 0.69481,axyZ:-0.719248, -0.525908, 0.453988,pos:-67.5323, 153.182, 253.426
旋转后  axeX:0.2352, -0.776512, -0.584562,axyY:0.660177, -0.313774, 0.68243,axyZ:-0.713336, -0.546422, 0.438836,pos:-69.6723, 151.542, 254.742
旋转前  axeX:0.2352, -0.776512, -0.584562,axyY:0.660177, -0.313774, 0.68243,axyZ:-0.713336, -0.546422, 0.438836,pos:-69.6723, 151.542, 254.742
旋转后  axeX:0.238777, -0.754635, -0.611158,axyY:0.665338, -0.33129, 0.669009,axyZ:-0.707328, -0.56637, 0.422983,pos:-71.7943, 149.843, 256.011
旋转前  axeX:0.238777, -0.754635, -0.611158,axyY:0.665338, -0.33129, 0.669009,axyZ:-0.707328, -0.56637, 0.422983,pos:-71.7943, 149.843, 256.011
旋转后  axeX:0.241537, -0.731571, -0.637547,axyY:0.670758, -0.348908, 0.654482,axyZ:-0.701246, -0.585721, 0.406433,pos:-73.898, 148.086, 257.23
旋转前  axeX:0.241537, -0.731571, -0.637547,axyY:0.670758, -0.348908, 0.654482,axyZ:-0.701246, -0.585721, 0.406433,pos:-73.898, 148.086, 257.23
旋转后  axeX:0.243562, -0.70736, -0.663568,axyY:0.67639, -0.366457, 0.63891,axyZ:-0.695108, -0.604445, 0.389196,pos:-75.9834, 146.273, 258.398
旋转前  axeX:0.243562, -0.70736, -0.663568,axyY:0.67639, -0.366457, 0.63891,axyZ:-0.695108, -0.604445, 0.389196,pos:-75.9834, 146.273, 258.398
旋转后  axeX:0.244751, -0.681947, -0.689237,axyY:0.682249, -0.383968, 0.622177,axyZ:-0.688937, -0.622509, 0.371281,pos:-78.0502, 144.405, 259.512
旋转前  axeX:0.244751, -0.681947, -0.689237,axyY:0.682249, -0.383968, 0.622177,axyZ:-0.688937, -0.622509, 0.371281,pos:-78.0502, 144.405, 259.512
旋转后  axeX:0.245164, -0.65537, -0.714414,axyY:0.68829, -0.401298, 0.604331,axyZ:-0.682754, -0.639884, 0.352701,pos:-80.0984, 142.486, 260.57
旋转前  axeX:0.245164, -0.65537, -0.714414,axyY:0.68829, -0.401298, 0.604331,axyZ:-0.682754, -0.639884, 0.352701,pos:-80.0984, 142.486, 260.57
